X

[[210  30  14   0   0   0]
 [ 60 112  36   0   0   0]
 [ 29  41 117   0   0   0]
 [  0   0   0 117  96  48]
 [  0   0   0 100 113  46]
 [  0   0   4  84  54 160]]

             precision    recall  f1-score   support

        1.0       0.70      0.83      0.76       254
        2.0       0.61      0.54      0.57       208
        3.0       0.68      0.63      0.65       187
        4.0       0.39      0.45      0.42       261
        5.0       0.43      0.44      0.43       259
        6.0       0.63      0.53      0.58       302

avg / total       0.57      0.56      0.56      1471

Y

[[155  36  40   0   0   0]
 [ 76 117  20   4   0   0]
 [ 87  36  87   2   0   0]
 [  0   1   0 113  73  61]
 [  0   2   1 109 132  41]
 [  0   5   0 103  76  94]]

             precision    recall  f1-score   support

        1.0       0.49      0.67      0.56       231
        2.0       0.59      0.54      0.57       217
        3.0       0.59      0.41      0.48       212
        4.0       0.34      0.46      0.39       248
        5.0       0.47      0.46      0.47       285
        6.0       0.48      0.34      0.40       278

avg / total       0.49      0.47      0.47      1471

Z

[[140  56  39   0   0   0]
 [ 75 121  15   2   0   1]
 [ 86  41  79   1   1   0]
 [  0   2   1 104  88  71]
 [  0   1   2 108 101  51]
 [  0   2   0 105  77 101]]

             precision    recall  f1-score   support

        1.0       0.47      0.60      0.52       235
        2.0       0.54      0.57      0.55       214
        3.0       0.58      0.38      0.46       208
        4.0       0.33      0.39      0.35       266
        5.0       0.38      0.38      0.38       263
        6.0       0.45      0.35      0.40       285

avg / total       0.45      0.44      0.44      1471