KNN

[[230  15   4   0   0   0]
 [ 54 164   3   1   0   0]
 [  9  10 176   0   0   0]
 [  0   1   0  92  96  56]
 [  0   1   0 112 159  26]
 [  1   3   0  57  29 172]]
             precision    recall  f1-score   support

        1.0       0.78      0.92      0.85       249
        2.0       0.85      0.74      0.79       222
        3.0       0.96      0.90      0.93       195
        4.0       0.35      0.38      0.36       245
        5.0       0.56      0.53      0.55       298
        6.0       0.68      0.66      0.67       262

avg / total       0.68      0.68      0.68      1471

[[225  19   4   0   0   1]

SVM
 
[ 36 180   4   0   0   2]
 [  8  11 175   0   0   1]
 [  0   0   0  68 106  71]
 [  0   0   0  67 191  40]
 [  0   0   0  36  26 200]]
             precision    recall  f1-score   support

        1.0       0.84      0.90      0.87       249
        2.0       0.86      0.81      0.83       222
        3.0       0.96      0.90      0.93       195
        4.0       0.40      0.28      0.33       245
        5.0       0.59      0.64      0.62       298
        6.0       0.63      0.76      0.69       262

avg / total       0.70      0.71      0.70      1471

DT

[[219  21   9   0   0   0]
 [ 25 185  12   0   0   0]
 [  8  13 174   0   0   0]
 [  0   0   0 113  84  48]
 [  0   0   0  92 177  29]
 [  0   1   0  40  21 200]]
             precision    recall  f1-score   support

        1.0       0.87      0.88      0.87       249
        2.0       0.84      0.83      0.84       222
        3.0       0.89      0.89      0.89       195
        4.0       0.46      0.46      0.46       245
        5.0       0.63      0.59      0.61       298
        6.0       0.72      0.76      0.74       262

avg / total       0.72      0.73      0.73      1471

KNN

[[236  11   6   0   0   0]
 [ 54 145   9   1   0   0]
 [ 18  17 163   0   0   0]
 [  0   2   0  97 109  50]
 [  0   0   0 100 148  19]
 [  0   1   0  73  33 179]]
             precision    recall  f1-score   support

        1.0       0.77      0.93      0.84       253
        2.0       0.82      0.69      0.75       209
        3.0       0.92      0.82      0.87       198
        4.0       0.36      0.38      0.37       258
        5.0       0.51      0.55      0.53       267
        6.0       0.72      0.63      0.67       286

avg / total       0.67      0.66      0.66      1471

SVM

[[232  12   7   0   0   2]
 [ 36 160  10   0   0   3]
 [ 13  12 170   0   0   3]
 [  0   0   0  73 119  66]
 [  0   0   0  58 186  23]
 [  0   0   0  51  32 203]]
             precision    recall  f1-score   support

        1.0       0.83      0.92      0.87       253
        2.0       0.87      0.77      0.81       209
        3.0       0.91      0.86      0.88       198
        4.0       0.40      0.28      0.33       258
        5.0       0.55      0.70      0.62       267
        6.0       0.68      0.71      0.69       286

avg / total       0.69      0.70      0.69      1471

DT

[[221  22   7   0   1   2]
 [ 27 171  11   0   0   0]
 [ 11  13 174   0   0   0]
 [  1   0   0 129  85  43]
 [  0   0   0  79 162  26]
 [  0   0   0  47  23 216]]
             precision    recall  f1-score   support

        1.0       0.85      0.87      0.86       253
        2.0       0.83      0.82      0.82       209
        3.0       0.91      0.88      0.89       198
        4.0       0.51      0.50      0.50       258
        5.0       0.60      0.61      0.60       267
        6.0       0.75      0.76      0.75       286

KNN

avg / total       0.73      0.73      0.73      1471

[[213  12   2   0   0   0]
 [ 43 160   7   0   0   0]
 [ 17  13 178   0   0   0]
 [  0   0   0  96  94  59]
 [  0   0   0  98 174  24]
 [  1   3   0  54  32 191]]
             precision    recall  f1-score   support

        1.0       0.78      0.94      0.85       227
        2.0       0.85      0.76      0.80       210
        3.0       0.95      0.86      0.90       208
        4.0       0.39      0.39      0.39       249
        5.0       0.58      0.59      0.58       296
        6.0       0.70      0.68      0.69       281

avg / total       0.69      0.69      0.69      1471

SVM

[[204  20   3   0   0   0]
 [ 18 178  13   0   0   1]
 [  9  10 186   0   0   3]
 [  0   0   0  74 105  70]
 [  0   0   0  50 215  31]
 [  1   2   0  28  26 224]]
             precision    recall  f1-score   support

        1.0       0.88      0.90      0.89       227
        2.0       0.85      0.85      0.85       210
        3.0       0.92      0.89      0.91       208
        4.0       0.49      0.30      0.37       249
        5.0       0.62      0.73      0.67       296
        6.0       0.68      0.80      0.73       281

avg / total       0.72      0.73      0.72      1471

DT

[[196  25   6   0   0   0]
 [ 23 171  16   0   0   0]
 [ 13  12 183   0   0   0]
 [  0   0   0 138  76  35]
 [  0   0   0  96 181  19]
 [  0   0   0  49  25 207]]
             precision    recall  f1-score   support

        1.0       0.84      0.86      0.85       227
        2.0       0.82      0.81      0.82       210
        3.0       0.89      0.88      0.89       208
        4.0       0.49      0.55      0.52       249
        5.0       0.64      0.61      0.63       296
        6.0       0.79      0.74      0.76       281

avg / total       0.74      0.73      0.73      1471

