[[217  14  15   0   0   1]
 [ 33 159  12   0   0   0]
 [ 15  47 138   0   0   0]
 [  0   0   2 133  82  40]
 [  0   0   0  72 190  13]
 [  0   0   6  43  25 214]]

             precision    recall  f1-score   support

        1.0       0.82      0.88      0.85       247
        2.0       0.72      0.78      0.75       204
        3.0       0.80      0.69      0.74       200
        4.0       0.54      0.52      0.53       257
        5.0       0.64      0.69      0.66       275
        6.0       0.80      0.74      0.77       288

avg / total       0.72      0.71      0.71      1471