10 bins (Time:  7.001616445162864s)

[[191  35  26   0   0   0]
 [ 51 143  33   1   0   1]
 [ 40  37 114   0   0   0]
 [  0   0   0  37 130  87]
 [  0   1   0  24 201  34]
 [  0   0   0  16  46 223]]

             precision    recall  f1-score   support

        1.0       0.68      0.76      0.72       252
        2.0       0.66      0.62      0.64       229
        3.0       0.66      0.60      0.63       191
        4.0       0.47      0.15      0.22       254
        5.0       0.53      0.77      0.63       260
        6.0       0.65      0.78      0.71       285

avg / total       0.61      0.62      0.59      1471

25 bins (Time:  10.29092546263354s)

[[238  12   5   0   0   0]
 [ 18 189   7   0   0   0]
 [  6  11 170   0   0   0]
 [  0   0   0  28 100 120]
 [  0   0   0  27 170  83]
 [  0   0   1  12  44 230]]

             precision    recall  f1-score   support

        1.0       0.91      0.93      0.92       255
        2.0       0.89      0.88      0.89       214
        3.0       0.93      0.91      0.92       187
        4.0       0.42      0.11      0.18       248
        5.0       0.54      0.61      0.57       280
        6.0       0.53      0.80      0.64       287

avg / total       0.68      0.70      0.67      1471

50 bins (Time:  15.926613300717023s)

[[233   3   3   0   0   0]
 [ 10 200   8   0   0   0]
 [  3   6 192   0   0   0]
 [  0   0   0  64  24 146]
 [  0   0   0 117  74 111]
 [  0   0   1  22  15 239]]

             precision    recall  f1-score   support

        1.0       0.95      0.97      0.96       239
        2.0       0.96      0.92      0.94       218
        3.0       0.94      0.96      0.95       201
        4.0       0.32      0.27      0.29       234
        5.0       0.65      0.25      0.36       302
        6.0       0.48      0.86      0.62       277

avg / total       0.70      0.68      0.66      1471

80 bins (Time:  22.92484441104196s)

[[244   0   1   0   0   0]
 [  1 196   1   0   0   0]
 [  1   2 179   0   0   0]
 [  0   0   0 200  59  14]
 [  0   0   0 204  84   4]
 [  0   0   0 125  16 140]]

             precision    recall  f1-score   support

        1.0       0.99      1.00      0.99       245
        2.0       0.99      0.99      0.99       198
        3.0       0.99      0.98      0.99       182
        4.0       0.38      0.73      0.50       273
        5.0       0.53      0.29      0.37       292
        6.0       0.89      0.50      0.64       281

avg / total       0.77      0.71      0.71      1471

128 bins (Time:  34.83301992578663s)

[[248   0   0   0   0   0]
 [  0 198   0   0   0   0]
 [  0   6 198   0   0   0]
 [  0   1   0 155  85  13]
 [  0   0   0 131 152   4]
 [  0   0   2 109  17 152]]

             precision    recall  f1-score   support

        1.0       1.00      1.00      1.00       248
        2.0       0.97      1.00      0.98       198
        3.0       0.99      0.97      0.98       204
        4.0       0.39      0.61      0.48       254
        5.0       0.60      0.53      0.56       287
        6.0       0.90      0.54      0.68       280

avg / total       0.79      0.75      0.76      1471