[[428  46  16   0   0   0]
 [ 79 349  15   0   0   0]
 [ 39  73 284   0   0   0]
 [  1   2   0 241 180  76]
 [  1   0   0 193 340  22]
 [  2   2   3 103  60 386]]

             precision    recall  f1-score   support

        1.0       0.78      0.87      0.82       490
        2.0       0.74      0.79      0.76       443
        3.0       0.89      0.72      0.80       396
        4.0       0.45      0.48      0.46       500
        5.0       0.59      0.61      0.60       556
        6.0       0.80      0.69      0.74       556

avg / total       0.70      0.69      0.69      2941