10 bins (Time:  5.348543266019229s)

[[364  99  26   0   0   0]
 [ 99 277  30   7   6   1]
 [109 117 184   0   0   0]
 [  0   4   0 231 194  77]
 [  0   2   0 228 292  40]
 [  1   6   0 133  68 346]]

             precision    recall  f1-score   support

        1.0       0.64      0.74      0.69       489
        2.0       0.55      0.66      0.60       420
        3.0       0.77      0.45      0.57       410
        4.0       0.39      0.46      0.42       506
        5.0       0.52      0.52      0.52       562
        6.0       0.75      0.62      0.68       554

avg / total       0.60      0.58      0.58      2941

25 bins (7.530738902550623s)

[[468  19   3   0   0   0]
 [ 73 351   5   2   0   1]
 [ 39  79 271   0   0   0]
 [  0   0   0 296 150  49]
 [  0   0   0 230 318  14]
 [  0   1   0 130  82 360]]

             precision    recall  f1-score   support

        1.0       0.81      0.96      0.87       490
        2.0       0.78      0.81      0.80       432
        3.0       0.97      0.70      0.81       389
        4.0       0.45      0.60      0.51       495
        5.0       0.58      0.57      0.57       562
        6.0       0.85      0.63      0.72       573

avg / total       0.73      0.70      0.71      2941

50 bins (Time:  11.44247664110073s)

[[508   5   0   0   0   0]
 [ 25 388   8   0   0   1]
 [ 14  32 332   0   0   0]
 [  0   0   0 302 159  41]
 [  0   0   0 185 363  17]
 [  0   0   0 132  67 362]]

             precision    recall  f1-score   support

        1.0       0.93      0.99      0.96       513
        2.0       0.91      0.92      0.92       422
        3.0       0.98      0.88      0.92       378
        4.0       0.49      0.60      0.54       502
        5.0       0.62      0.64      0.63       565
        6.0       0.86      0.65      0.74       561

avg / total       0.78      0.77      0.77      2941

80 bins (Time:  16.407722847876823s)

[[504   0   0   0   0   0]
 [  3 418   1   0   0   0]
 [  6  30 369   0   0   0]
 [  0   1   0 283 168  42]
 [  0   0   0 180 358  18]
 [  0   0   0 108  27 425]]

             precision    recall  f1-score   support

        1.0       0.98      1.00      0.99       504
        2.0       0.93      0.99      0.96       422
        3.0       1.00      0.91      0.95       405
        4.0       0.50      0.57      0.53       494
        5.0       0.65      0.64      0.65       556
        6.0       0.88      0.76      0.81       560

avg / total       0.81      0.80      0.80      2941

128 bins (Time:  23.640687395861065s)

[[511   0   0   0   0   0]
 [  4 429   1   0   0   0]
 [  6  19 371   0   0   0]
 [  0   0   0 291 171  51]
 [  0   0   0 167 353  18]
 [  0   0   0  94  41 414]]

             precision    recall  f1-score   support

        1.0       0.98      1.00      0.99       511
        2.0       0.96      0.99      0.97       434
        3.0       1.00      0.94      0.97       396
        4.0       0.53      0.57      0.55       513
        5.0       0.62      0.66      0.64       538
        6.0       0.86      0.75      0.80       549

avg / total       0.81      0.81      0.81      2941